1.55984
57.4206
97.598
133.959
187.426
341.372
437.785
484.387
824.385
1011.94
1162.17
1340.99
1522.49
1825.03
2062.1
2341.68
2630.2
3131.36
3265.06
3576.89
4175.21
4324.67
4726.31
4979.81
5399.76
6046.76
6418.97
6622.88
7246.42
7772.64
8230.14
8677.3
8989.79
9536.99
9885.46
10440.6
10994.9
11273.1
11635.1
12478.4
12652.2
12882.1
13188
14259.3
14739
14957.2
15265.4
15794
15866.7
16566.8
16560.9
16956.7
16736.5
17446.6
17517
17421.2
17965.7
18084.1
18013.8
17980.8
18291
18381.6
17890.6
18375.1
18172.4
18204.3
18177.6
17825.8
18161
18110.5
17983.8
18007.8
17750.6
17246.1
16963.8
16814.1
16946.4
16612
16019.8
16128.2
15744.7
15739.3
15358
15029.4
14580.6
13937.5
13735.2
13363.2
12963
12606.2
12228.2
11918.4
11657.6
11129.3
10911.1
10532.9
10050.8
9550.48
9583.47
8775.85
8491.98
7754.45
7700.77
7072.91
6664.6
6407.11
5967.03
5567.87
5252.14
4997.56
4583.87
4359.15
3933.28
3700.89
3299.84
3189.65
2885.95
2385.93
2291.97
2104.54
1894.77
1687.7
1598.62
1375.85
1178.55
1087.61
968.901
907.677
809.851
761.007
691.646
701.253
711.014
638.466
665.442
730.579
787.939
968.839
1032.21
1189.94
1293.48
1510.15
1636.95
1799.63
2009.54
2397.61
2711.86
2866.94
3302.36
3474.39
3637.09
4114.67
4590.19
5137.48
5579.17
5553.54
5922.94
6461.54
6801.17
7686.15
7727.89
8462.66
8935.34
9417.33
10260.7
10656.9
10840.2
11559.7
12064
12411.8
12809.6
13505.9
13657.6
14236
14841.1
15087
15465.3
16055.1
16502.5
17159.8
17332.2
17813.7
17643.5
18057.7
18202.6
18170.9
19234.1
19098.9
19418.2
19415.9
19608.6
19665.6
19281.7
19411.8
20103.3
20077
19769.6
19943.1
20117.5
19635.4
19775.7
19812.5
19227.4
19190.3
19156
19103.4
18940.3
18715.3
18944.9
18116.1
18270.8
17700.6
17259.3
17136.4
16957.5
16374.6
16039.3
15904
15703.5
15168.2
14483
14832.6
13954.1
13873.6
13277.5
12514.7
12381
11819.7
11440.9
11113.7
10832.4
10291.9
9936.52
9586.72
9025.08
8976.29
8373.11
8337.78
7655.38
7626.67
7225.17
6519.15
6524.13
6325
5982.66
5723.7
5389.73
5089.02
4807.71
