62.9166
3.29147
45.8696
108.369
205.27
254.023
289.643
362.79
406.839
456.078
487.724
585.364
656.612
835.172
842.132
936.722
1150.15
1216.53
1282.44
1344.92
1490
1476.54
1688.52
1767.39
2002.02
1859.93
2132.12
2367.53
2498.55
2693.2
2732.02
2985.77
3167.53
3261.75
3358.81
3467.28
3736.5
3931.59
4061.14
4253.98
4167.01
4503.89
4493.51
4764.68
4973.02
5035.4
5336.55
5301.63
5631.82
5508.87
5718.75
5881.28
6166.93
6142.78
6326.87
6359.81
6396.42
6831.06
6697.7
6740.04
6940.7
7311
6997.68
7003.51
7039.23
7471.5
7117.81
7551.31
7554.07
6793.68
7115.54
7618.36
7071.39
7350.15
7281.83
7115
7321.01
7258.15
7144.67
6810.57
6623.9
6830.69
6887.1
6704.22
6712.9
6311.82
6397.42
6493.15
6155.31
6158.37
6184.13
5878.27
5640.3
5725.23
5679.79
5386.6
5664.69
5168.45
5295.18
4967.2
4824.13
4642.84
4718.54
4565.88
4572.88
4434.78
4249.03
4283.7
4162.59
3999.09
3878.33
4015.39
3915.21
3644.75
3784.54
3660.17
3584.57
3724.64
3577.12
3725.33
3648.15
3799.91
3823.29
3616.71
4066.91
4021.97
4246.34
4393.1
4778.38
4902.17
5430.4
5807.77
6039.53
6741.18
7070.13
7925.99
382.382
7287.85
7185.22
6843.17
6960.95
7077.97
6973.4
6756.8
6664.3
6678.11
6661.05
6685.18
6793.06
6797.94
6808.18
6995.54
7393.9
7208.18
7455.33
7424.32
7586.5
7736.68
8008.5
8078.96
8557.85
8498.3
8927.38
8923.62
9382.53
9522.71
9879.16
9651.46
10105
10625.2
10736.9
10771
11004.8
11486.9
11939.7
11990.7
12573.8
12745.6
12853.9
13027.9
13046.4
13570.4
13788.5
14115.7
14323.5
14460
14481.4
14748.6
15052.2
14676.8
15370.9
15970.9
15859
15832.4
15857.4
16272
16148.5
16081.8
16578.7
16840.4
7378.99
7298.22
15247.9
16338.5
15746.1
15565.8
15678.3
15535.4
15339.6
15123.1
14458.3
14443.8
14492.4
14624.4
13824.5
13949.3
13513.1
13225
12990
12656.3
12848.7
12085.7
11823.4
11963
11788
11099.3
11455.4
10928
10367.6
10313.3
10010.3
9750.77
9536.99
8901.64
9027.99
8663.17
8391.07
8198.88
7906.29
7756.96
7368.48
7560.25
7253.6
6871.02
6948.08
6538.29
6351.91
6001.55
5701.34
